n_alive,new_deaths,cum_deaths,meningitis.n_susceptible,meningitis.n_infected,meningitis.n_recovered,meningitis.n_exposed,meningitis.prevalence,meningitis.new_infections,meningitis.cum_infections,meningitis.rel_sus,meningitis.new_recoveries,meningitis.recovered,meningitis.exposed
10000.0,0.0,0.0,9914.0,5.0,0.0,81.0,0.0005,8.0,8.0,0.999995504109589,0.0,0.0,81.0
10000.0,0.0,0.0,9853.0,31.0,2.0,114.0,0.0031,26.0,34.0,0.9999914119597172,0.0,0.0,114.0
10000.0,0.0,0.0,9760.0,65.0,14.0,161.0,0.0065,36.0,70.0,0.9999853253734527,0.0,0.0,161.0
10000.0,0.0,0.0,9636.0,99.0,58.0,207.0,0.0099,34.0,104.0,0.9999760472680888,0.0,0.0,207.0
10000.0,0.0,0.0,9453.0,150.0,96.0,301.0,0.015,52.0,156.0,0.9999636804669306,0.0,0.0,301.0
10000.0,0.0,0.0,9197.0,202.0,149.0,452.0,0.0202,56.0,212.0,0.9999454303477829,0.0,0.0,452.0
10000.0,0.0,0.0,8825.0,267.0,253.0,655.0,0.0267,66.0,278.0,0.9999199035620772,0.0,0.0,655.0
10000.0,0.0,0.0,8322.0,364.0,415.0,899.0,0.0364,109.0,387.0,0.9998827107734359,0.0,0.0,899.0
10000.0,0.0,0.0,7708.0,540.0,627.0,1125.0,0.054,169.0,556.0,0.9998323640056064,0.0,0.0,1125.0
10000.0,0.0,0.0,6919.0,766.0,867.0,1448.0,0.0766,228.0,784.0,0.9997703739014916,0.0,0.0,1448.0
10000.0,0.0,0.0,6031.0,1044.0,1139.0,1786.0,0.1044,284.0,1068.0,0.999690656665052,0.0,0.0,1786.0
10000.0,0.0,0.0,5106.0,1362.0,1509.0,2023.0,0.1362,304.0,1372.0,0.9995983238279148,0.0,0.0,2023.0
9995.0,5.0,0.0,4219.0,1693.0,1955.0,2128.0,0.1693846923461731,349.0,1721.0,0.999501379605241,0.0,0.0,2128.0
9995.0,0.0,5.0,3469.0,2087.0,2446.0,1993.0,0.20880440220110055,389.0,2110.0,0.999406821815647,0.0,0.0,1993.0
9977.0,18.0,5.0,2901.0,2455.0,2831.0,1790.0,0.24606595168888443,358.0,2468.0,0.999322341247779,0.0,0.0,1790.0
9974.0,3.0,23.0,2472.0,2749.0,3172.0,1581.0,0.27561660316823744,292.0,2760.0,0.999249527237507,0.0,0.0,1581.0
9954.0,20.0,26.0,2158.0,3009.0,3370.0,1417.0,0.30229053646775167,298.0,3058.0,0.9991845726007604,0.0,0.0,1417.0
9953.0,1.0,46.0,1982.0,3243.0,3509.0,1219.0,0.3258314076157942,248.0,3306.0,0.9991271704340017,0.0,0.0,1219.0
9947.0,6.0,47.0,1912.0,3431.0,3480.0,1124.0,0.34492811903086357,233.0,3539.0,0.9990782130180803,0.0,0.0,1124.0
9945.0,2.0,53.0,1852.0,3556.0,3417.0,1120.0,0.3575666163901458,183.0,3722.0,0.9990287008600728,0.0,0.0,1120.0
9939.0,6.0,55.0,1914.0,3652.0,3260.0,1113.0,0.3674413924942147,184.0,3906.0,0.9989777123146821,0.0,0.0,1113.0
9930.0,9.0,61.0,1932.0,3744.0,3111.0,1143.0,0.3770392749244713,196.0,4102.0,0.9989270088475333,0.0,0.0,1143.0
9919.0,11.0,70.0,1976.0,3785.0,3034.0,1124.0,0.38159088617804215,196.0,4298.0,0.9988724336976346,0.0,0.0,1124.0
9911.0,8.0,81.0,1915.0,3820.0,3032.0,1144.0,0.3854303299364343,232.0,4530.0,0.9988229314486787,0.0,0.0,1144.0
9900.0,11.0,89.0,1824.0,3792.0,3139.0,1145.0,0.38303030303030305,210.0,4740.0,0.9987680495017829,0.0,0.0,1145.0
9883.0,17.0,100.0,1745.0,3670.0,3346.0,1122.0,0.37134473338055246,173.0,4913.0,0.9987148250547863,0.0,0.0,1122.0
9867.0,16.0,117.0,1695.0,3494.0,3600.0,1078.0,0.35410965845748454,180.0,5093.0,0.9986644621285392,0.0,0.0,1078.0
9848.0,19.0,133.0,1699.0,3319.0,3874.0,956.0,0.33702274573517466,173.0,5266.0,0.998619871484943,0.0,0.0,956.0
9834.0,14.0,152.0,1710.0,3148.0,4062.0,914.0,0.3201138905836892,158.0,5424.0,0.998580746468869,0.0,0.0,914.0
9812.0,22.0,166.0,1797.0,2970.0,4215.0,830.0,0.30269058295964124,178.0,5602.0,0.998539447036729,0.0,0.0,830.0
9797.0,15.0,188.0,1862.0,2856.0,4245.0,834.0,0.2915178115749719,145.0,5747.0,0.9984974401168973,0.0,0.0,834.0
9781.0,16.0,203.0,2043.0,2759.0,4167.0,812.0,0.28207749718842656,167.0,5914.0,0.9984546211586162,0.0,0.0,812.0
9769.0,12.0,219.0,2212.0,2667.0,4030.0,860.0,0.27300644897123555,135.0,6049.0,0.9984148959928227,0.0,0.0,860.0
9756.0,13.0,231.0,2441.0,2669.0,3795.0,851.0,0.27357523575235754,202.0,6251.0,0.9983698104895175,0.0,0.0,851.0
9743.0,13.0,244.0,2526.0,2697.0,3595.0,925.0,0.2768141229600739,186.0,6437.0,0.9983254789208182,0.0,0.0,925.0
9731.0,12.0,257.0,2616.0,2722.0,3424.0,969.0,0.27972459151166373,210.0,6647.0,0.9982717183034797,0.0,0.0,969.0
9725.0,6.0,269.0,2633.0,2734.0,3375.0,983.0,0.2811311053984576,187.0,6834.0,0.9982158685007042,0.0,0.0,983.0
9714.0,11.0,275.0,2689.0,2756.0,3306.0,963.0,0.28371422688902614,205.0,7039.0,0.9981605788170508,0.0,0.0,963.0
9704.0,10.0,286.0,2622.0,2771.0,3347.0,964.0,0.2855523495465787,215.0,7254.0,0.9981097180129889,0.0,0.0,964.0
9693.0,11.0,296.0,2596.0,2777.0,3387.0,933.0,0.28649540905808313,192.0,7446.0,0.9980541179786311,0.0,0.0,933.0
9684.0,9.0,307.0,2510.0,2796.0,3493.0,885.0,0.28872366790582404,205.0,7651.0,0.9980031996397065,0.0,0.0,885.0
9681.0,3.0,316.0,2472.0,2809.0,3539.0,861.0,0.29015597562235307,180.0,7831.0,0.9979517344516659,0.0,0.0,861.0
9671.0,10.0,319.0,2451.0,2804.0,3588.0,828.0,0.2899389928652673,193.0,8024.0,0.9979018623590584,0.0,0.0,828.0
9663.0,8.0,329.0,2484.0,2808.0,3543.0,828.0,0.2905929835454828,200.0,8224.0,0.9978545095641594,0.0,0.0,828.0
9654.0,9.0,337.0,2496.0,2872.0,3470.0,816.0,0.2974932670395691,204.0,8428.0,0.9978056539185606,0.0,0.0,816.0
9647.0,7.0,346.0,2490.0,2884.0,3414.0,859.0,0.2989530423966,184.0,8612.0,0.9977568428899897,0.0,0.0,859.0
9637.0,10.0,353.0,2539.0,2981.0,3321.0,796.0,0.3093286292414652,232.0,8844.0,0.9977045719551076,0.0,0.0,796.0
9628.0,9.0,363.0,2549.0,3016.0,3248.0,815.0,0.3132530120481928,182.0,9026.0,0.9976557501658146,0.0,0.0,815.0
9614.0,14.0,372.0,2537.0,3026.0,3215.0,836.0,0.314749323902642,183.0,9209.0,0.9976048084292645,0.0,0.0,836.0
9603.0,11.0,386.0,2510.0,3032.0,3228.0,833.0,0.3157346662501302,188.0,9397.0,0.9975519548275169,0.0,0.0,833.0
9595.0,8.0,397.0,2471.0,3013.0,3284.0,827.0,0.3140177175612298,202.0,9599.0,0.9975085773313952,0.0,0.0,827.0
9580.0,15.0,405.0,2408.0,3004.0,3317.0,851.0,0.3135699373695198,187.0,9786.0,0.9974569603882394,0.0,0.0,851.0
9565.0,15.0,420.0,2370.0,3023.0,3340.0,832.0,0.31604809200209094,208.0,9994.0,0.9974023734521167,0.0,0.0,832.0
9556.0,9.0,435.0,2308.0,3027.0,3410.0,811.0,0.31676433654248637,190.0,10184.0,0.9973514777329553,0.0,0.0,811.0
9552.0,4.0,444.0,2252.0,3054.0,3458.0,788.0,0.31972361809045224,214.0,10398.0,0.9973027092744048,0.0,0.0,788.0
9544.0,8.0,448.0,2287.0,3036.0,3473.0,748.0,0.318105616093881,201.0,10599.0,0.9972522166898327,0.0,0.0,748.0
9529.0,15.0,456.0,2279.0,3040.0,3424.0,786.0,0.3190261307587365,196.0,10795.0,0.9972048913879629,0.0,0.0,786.0
9519.0,10.0,471.0,2316.0,3025.0,3446.0,732.0,0.31778548166824244,203.0,10998.0,0.9971540719786935,0.0,0.0,732.0
9510.0,9.0,481.0,2367.0,3005.0,3391.0,747.0,0.3159831756046267,189.0,11187.0,0.9971092292042741,0.0,0.0,747.0
9496.0,14.0,490.0,2383.0,2995.0,3382.0,736.0,0.3153959561920809,183.0,11370.0,0.997061202172382,0.0,0.0,736.0
9488.0,8.0,504.0,2415.0,2944.0,3408.0,721.0,0.3102866779089376,177.0,11547.0,0.9970221092461596,0.0,0.0,721.0
9478.0,10.0,512.0,2388.0,2941.0,3398.0,751.0,0.31029753112470987,196.0,11743.0,0.9969755898802165,0.0,0.0,751.0
9474.0,4.0,522.0,2412.0,3016.0,3349.0,697.0,0.3183449440574203,191.0,11934.0,0.9969255358126059,0.0,0.0,697.0
9462.0,12.0,526.0,2464.0,3015.0,3307.0,676.0,0.3186429930247305,177.0,12111.0,0.9968781577396391,0.0,0.0,676.0
9449.0,13.0,538.0,2512.0,2974.0,3276.0,687.0,0.31474230077256854,179.0,12290.0,0.9968334532174856,0.0,0.0,687.0
9438.0,11.0,551.0,2524.0,2945.0,3289.0,680.0,0.31203644840008476,178.0,12468.0,0.9967866852948464,0.0,0.0,680.0
9424.0,14.0,562.0,2511.0,2948.0,3272.0,693.0,0.3128183361629881,184.0,12652.0,0.9967414330412121,0.0,0.0,693.0
9407.0,17.0,576.0,2499.0,2957.0,3241.0,710.0,0.314340384819815,189.0,12841.0,0.9966932761966902,0.0,0.0,710.0
9393.0,14.0,593.0,2500.0,2945.0,3253.0,695.0,0.31353135313531355,186.0,13027.0,0.9966443216404085,0.0,0.0,695.0
9383.0,10.0,607.0,2483.0,2937.0,3268.0,695.0,0.3130128956623681,196.0,13223.0,0.9965973055953641,0.0,0.0,695.0
9375.0,8.0,617.0,2482.0,2940.0,3280.0,673.0,0.3136,199.0,13422.0,0.996556651131784,0.0,0.0,673.0
9360.0,15.0,625.0,2457.0,2909.0,3288.0,706.0,0.3107905982905983,171.0,13593.0,0.9965098573764818,0.0,0.0,706.0
9357.0,3.0,640.0,2437.0,2950.0,3277.0,693.0,0.3152719888853265,187.0,13780.0,0.996460763830565,0.0,0.0,693.0
9349.0,8.0,643.0,2429.0,2931.0,3301.0,688.0,0.3135094662530752,172.0,13952.0,0.9964102244214403,0.0,0.0,688.0
9338.0,11.0,651.0,2414.0,2915.0,3320.0,689.0,0.31216534589847933,171.0,14123.0,0.996361967213272,0.0,0.0,689.0
9331.0,7.0,662.0,2421.0,2893.0,3347.0,670.0,0.31004179616332656,184.0,14307.0,0.996314392945969,0.0,0.0,670.0
9320.0,11.0,669.0,2455.0,2887.0,3351.0,627.0,0.3097639484978541,190.0,14497.0,0.9962680333878047,0.0,0.0,627.0
9312.0,8.0,680.0,2462.0,2878.0,3311.0,661.0,0.3090635738831615,170.0,14667.0,0.996223739256596,0.0,0.0,661.0
9304.0,8.0,688.0,2486.0,2871.0,3294.0,653.0,0.3085769561478934,184.0,14851.0,0.9961768236168331,0.0,0.0,653.0
9295.0,9.0,696.0,2476.0,2908.0,3273.0,638.0,0.31285637439483593,208.0,15059.0,0.9961325063038262,0.0,0.0,638.0
9283.0,12.0,705.0,2518.0,2901.0,3189.0,675.0,0.31250673273726165,178.0,15237.0,0.99609335240396,0.0,0.0,675.0
9270.0,13.0,717.0,2473.0,2913.0,3190.0,694.0,0.31423948220064724,189.0,15426.0,0.9960432843690912,0.0,0.0,694.0
9259.0,11.0,730.0,2470.0,2961.0,3158.0,670.0,0.3197969543147208,187.0,15613.0,0.9959926171396227,0.0,0.0,670.0
9252.0,7.0,741.0,2447.0,2952.0,3130.0,723.0,0.31906614785992216,188.0,15801.0,0.9959427485869012,0.0,0.0,723.0
9244.0,8.0,748.0,2397.0,2943.0,3206.0,698.0,0.3183686715707486,190.0,15991.0,0.9958894860091305,0.0,0.0,698.0
9231.0,13.0,756.0,2369.0,2968.0,3219.0,675.0,0.3215252952009533,213.0,16204.0,0.9958420763424757,0.0,0.0,675.0
9222.0,9.0,769.0,2363.0,3011.0,3232.0,616.0,0.32650184341791366,211.0,16415.0,0.9957937425940712,0.0,0.0,616.0
9215.0,7.0,778.0,2364.0,2992.0,3262.0,597.0,0.32468800868149755,179.0,16594.0,0.9957494299855435,0.0,0.0,597.0
9206.0,9.0,785.0,2393.0,2956.0,3226.0,631.0,0.32109493808385836,150.0,16744.0,0.9957053728180953,0.0,0.0,631.0
9198.0,8.0,794.0,2399.0,2937.0,3238.0,624.0,0.3193085453359426,174.0,16918.0,0.9956599585613662,0.0,0.0,624.0
9193.0,5.0,802.0,2409.0,2961.0,3204.0,619.0,0.322092896769281,188.0,17106.0,0.9956188541779227,0.0,0.0,619.0
9182.0,11.0,807.0,2410.0,2925.0,3189.0,658.0,0.31855804835547813,152.0,17258.0,0.9955723469244372,0.0,0.0,658.0
9173.0,9.0,818.0,2408.0,2944.0,3177.0,644.0,0.3209418946909408,196.0,17454.0,0.9955247959433314,0.0,0.0,644.0
9164.0,9.0,827.0,2414.0,2946.0,3213.0,591.0,0.32147533828022695,198.0,17652.0,0.9954781573477774,0.0,0.0,591.0
9153.0,11.0,836.0,2431.0,2936.0,3160.0,626.0,0.3207691467278488,168.0,17820.0,0.9954339509845432,0.0,0.0,626.0
9143.0,10.0,847.0,2425.0,2939.0,3137.0,642.0,0.32144810237340044,188.0,18008.0,0.9953875039724217,0.0,0.0,642.0
9131.0,12.0,857.0,2425.0,2930.0,3130.0,646.0,0.32088489760157707,185.0,18193.0,0.9953393614576664,0.0,0.0,646.0
9121.0,10.0,869.0,2371.0,2940.0,3145.0,665.0,0.32233307751343054,191.0,18384.0,0.9952934353086736,0.0,0.0,665.0
9111.0,10.0,879.0,2387.0,2974.0,3116.0,634.0,0.32641861486115686,194.0,18578.0,0.9952427718213788,0.0,0.0,634.0
9104.0,7.0,889.0,2366.0,2954.0,3126.0,658.0,0.32447275922671354,200.0,18778.0,0.9951978028420978,0.0,0.0,658.0
9093.0,11.0,896.0,2345.0,2941.0,3202.0,605.0,0.3234356098097438,183.0,18961.0,0.9951538080152111,0.0,0.0,605.0
