n_alive,new_deaths,cum_deaths,meningitis.n_susceptible,meningitis.n_infected,meningitis.n_recovered,meningitis.n_exposed,meningitis.prevalence,meningitis.new_infections,meningitis.cum_infections,meningitis.rel_sus,meningitis.new_recoveries,meningitis.recovered,meningitis.exposed
2000.0,0.0,0.0,1978.0,2.0,0.0,20.0,0.001,3.0,3.0,0.999993063,0.0,0.0,20.0
2000.0,0.0,0.0,1967.0,6.0,1.0,26.0,0.003,4.0,7.0,0.999989161433,0.0,0.0,26.0
2000.0,0.0,0.0,1948.0,19.0,2.0,31.0,0.0095,13.0,20.0,0.999983808480103,0.0,0.0,31.0
2000.0,0.0,0.0,1918.0,24.0,9.0,49.0,0.012,5.0,25.0,0.999974539703782,0.0,0.0,49.0
2000.0,0.0,0.0,1880.0,35.0,19.0,66.0,0.0175,11.0,36.0,0.9999599038464481,0.0,0.0,66.0
2000.0,0.0,0.0,1830.0,47.0,34.0,89.0,0.0235,14.0,50.0,0.99994143571183,0.0,0.0,89.0
2000.0,0.0,0.0,1774.0,64.0,57.0,105.0,0.032,20.0,70.0,0.9999171877904236,0.0,0.0,105.0
2000.0,0.0,0.0,1707.0,87.0,84.0,122.0,0.0435,16.0,86.0,0.9998901851003097,0.0,0.0,122.0
2000.0,0.0,0.0,1625.0,113.0,114.0,148.0,0.0565,27.0,113.0,0.999857479434407,0.0,0.0,148.0
2000.0,0.0,0.0,1517.0,137.0,149.0,197.0,0.0685,22.0,135.0,0.9998176356194972,0.0,0.0,197.0
2000.0,0.0,0.0,1410.0,174.0,179.0,237.0,0.087,35.0,170.0,0.9997652673989219,0.0,470.0,237.0
2000.0,0.0,0.0,1327.0,228.0,231.0,214.0,0.114,53.0,223.0,0.764727093833457,0.0,470.0,214.0
1998.0,2.0,0.0,1264.0,259.0,273.0,202.0,0.12962962962962962,34.0,257.0,0.764685450488956,0.0,470.0,202.0
1998.0,0.0,2.0,1213.0,290.0,314.0,181.0,0.14514514514514515,32.0,289.0,0.7646486414345554,0.0,470.0,181.0
1995.0,3.0,2.0,1155.0,321.0,339.0,180.0,0.16090225563909774,31.0,320.0,0.7646151366616444,0.0,470.0,180.0
1995.0,0.0,5.0,1096.0,352.0,357.0,190.0,0.17644110275689223,32.0,352.0,0.7645774739316896,0.0,470.0,190.0
1989.0,6.0,5.0,1051.0,373.0,382.0,183.0,0.18753142282554047,37.0,389.0,0.7645361861663044,0.0,470.0,183.0
1989.0,0.0,11.0,1031.0,402.0,401.0,155.0,0.20211161387631976,33.0,422.0,0.7644982429908076,0.0,470.0,155.0
1987.0,2.0,11.0,1021.0,423.0,402.0,141.0,0.2128837443381983,20.0,442.0,0.7644710468038904,0.0,470.0,141.0
1985.0,2.0,13.0,1004.0,423.0,400.0,158.0,0.21309823677581863,23.0,465.0,0.7644440953826555,0.0,470.0,158.0
1984.0,1.0,15.0,975.0,442.0,393.0,174.0,0.22278225806451613,30.0,495.0,0.7626379700275975,0.0,470.0,174.0
1983.0,1.0,16.0,960.0,451.0,398.0,174.0,0.22743318204740293,29.0,524.0,0.7626003109169964,0.0,470.0,174.0
1983.0,0.0,17.0,952.0,458.0,409.0,164.0,0.23096318709026728,31.0,555.0,0.7625684824260481,0.0,470.0,164.0
1982.0,1.0,17.0,944.0,455.0,441.0,142.0,0.22956609485368315,29.0,584.0,0.7625374396358511,0.0,470.0,142.0
1980.0,2.0,18.0,950.0,451.0,456.0,123.0,0.22777777777777777,24.0,608.0,0.7625136656514205,0.0,470.0,123.0
1977.0,3.0,20.0,950.0,432.0,474.0,121.0,0.21851289833080426,17.0,625.0,0.7624960965648399,0.0,470.0,121.0
1976.0,1.0,23.0,951.0,410.0,498.0,117.0,0.2074898785425101,22.0,647.0,0.762474192401046,0.0,470.0,117.0
1974.0,2.0,24.0,952.0,395.0,507.0,120.0,0.2001013171225937,20.0,667.0,0.7624519861303938,0.0,470.0,120.0
1973.0,1.0,26.0,940.0,387.0,516.0,130.0,0.19614799797263052,19.0,686.0,0.7624334744265049,0.0,470.0,130.0
1973.0,0.0,27.0,973.0,388.0,497.0,115.0,0.1966548403446528,27.0,713.0,0.7624071414186311,0.0,470.0,115.0
1973.0,0.0,27.0,980.0,370.0,502.0,121.0,0.1875316776482514,22.0,735.0,0.7614533128010897,0.0,469.0,121.0
1972.0,1.0,27.0,1017.0,366.0,470.0,119.0,0.18559837728194725,27.0,762.0,0.7614292076437614,0.0,469.0,119.0
1971.0,1.0,28.0,1039.0,368.0,450.0,114.0,0.18670725520040587,29.0,791.0,0.7614113468023369,0.0,469.0,114.0
1969.0,2.0,29.0,1049.0,365.0,442.0,113.0,0.18537328593194516,25.0,816.0,0.7613911353045321,0.0,469.0,113.0
1968.0,1.0,31.0,1057.0,359.0,435.0,117.0,0.18241869918699186,24.0,840.0,0.7613711057102074,0.0,469.0,117.0
1965.0,3.0,32.0,1075.0,366.0,424.0,100.0,0.18625954198473282,24.0,864.0,0.7613467358551156,0.0,469.0,100.0
1965.0,0.0,35.0,1094.0,350.0,417.0,104.0,0.178117048346056,14.0,878.0,0.761332630944533,0.0,469.0,104.0
1964.0,1.0,35.0,1108.0,333.0,416.0,107.0,0.1695519348268839,22.0,900.0,0.7613151370126111,0.0,469.0,107.0
1964.0,0.0,36.0,1098.0,334.0,416.0,116.0,0.17006109979633402,19.0,919.0,0.7612962936837044,0.0,469.0,116.0
1962.0,2.0,36.0,1097.0,344.0,408.0,113.0,0.17533129459734964,31.0,950.0,0.7612720948560605,0.0,469.0,113.0
1961.0,1.0,38.0,1107.0,344.0,404.0,106.0,0.17542070372259053,24.0,974.0,0.7599183225631934,0.0,469.0,106.0
1960.0,1.0,39.0,1108.0,352.0,391.0,109.0,0.17959183673469387,25.0,999.0,0.7599004062839777,0.0,469.0,109.0
1959.0,1.0,40.0,1122.0,344.0,390.0,103.0,0.1755997958141909,20.0,1019.0,0.7598836614449552,0.0,469.0,103.0
1958.0,1.0,41.0,1122.0,341.0,393.0,102.0,0.17415730337078653,24.0,1043.0,0.7598655520189639,0.0,469.0,102.0
1955.0,3.0,42.0,1118.0,332.0,395.0,110.0,0.16982097186700768,17.0,1060.0,0.7598455851904465,0.0,469.0,110.0
1955.0,0.0,45.0,1119.0,349.0,384.0,103.0,0.17851662404092072,21.0,1081.0,0.7598252929665459,0.0,469.0,103.0
1953.0,2.0,45.0,1130.0,346.0,377.0,100.0,0.17716333845366103,21.0,1102.0,0.7598041731789806,0.0,469.0,100.0
1950.0,3.0,47.0,1119.0,340.0,391.0,100.0,0.17435897435897435,19.0,1121.0,0.759786779147383,0.0,469.0,100.0
1950.0,0.0,50.0,1126.0,327.0,402.0,95.0,0.1676923076923077,21.0,1142.0,0.7597730773399495,0.0,469.0,95.0
1948.0,2.0,50.0,1151.0,326.0,399.0,72.0,0.1673511293634497,25.0,1167.0,0.7597579835582632,0.0,469.0,72.0
1948.0,0.0,52.0,1149.0,317.0,393.0,89.0,0.16273100616016428,14.0,1181.0,0.7580400778468098,0.0,469.0,89.0
1946.0,2.0,52.0,1152.0,323.0,384.0,87.0,0.1659815005138746,22.0,1203.0,0.758020864476784,0.0,469.0,87.0
1946.0,0.0,54.0,1159.0,311.0,385.0,91.0,0.15981500513874614,19.0,1222.0,0.7580048763884847,0.0,469.0,91.0
1945.0,1.0,54.0,1162.0,317.0,370.0,96.0,0.16298200514138816,25.0,1247.0,0.757987506012282,0.0,469.0,96.0
1943.0,2.0,55.0,1165.0,321.0,361.0,96.0,0.1652084405558415,15.0,1262.0,0.7579702919694651,0.0,469.0,96.0
1943.0,0.0,57.0,1158.0,310.0,376.0,99.0,0.159547092125579,16.0,1278.0,0.7579532328530334,0.0,469.0,99.0
1943.0,0.0,57.0,1163.0,304.0,378.0,98.0,0.1564590838908904,20.0,1298.0,0.7579342923610524,0.0,469.0,98.0
1940.0,3.0,57.0,1150.0,302.0,390.0,98.0,0.1556701030927835,18.0,1316.0,0.7579165397872978,0.0,469.0,98.0
1938.0,2.0,60.0,1138.0,305.0,395.0,100.0,0.15737874097007223,19.0,1335.0,0.7578974208060089,0.0,469.0,100.0
1938.0,0.0,62.0,1143.0,307.0,388.0,100.0,0.15841073271413827,25.0,1360.0,0.7578815262569476,0.0,469.0,100.0
1937.0,1.0,62.0,1140.0,313.0,397.0,87.0,0.16159008776458442,21.0,1381.0,0.7566243772611448,0.0,469.0,87.0
1937.0,0.0,63.0,1132.0,314.0,386.0,105.0,0.1621063500258131,25.0,1406.0,0.7566096376387562,0.0,469.0,105.0
1935.0,2.0,63.0,1136.0,313.0,395.0,91.0,0.16175710594315246,19.0,1425.0,0.7565894058019684,0.0,469.0,91.0
1934.0,1.0,65.0,1153.0,322.0,370.0,89.0,0.16649431230610134,23.0,1448.0,0.7565760036265308,0.0,469.0,89.0
1932.0,2.0,66.0,1139.0,315.0,385.0,93.0,0.16304347826086957,19.0,1467.0,0.7565606766630354,0.0,469.0,93.0
1932.0,0.0,68.0,1152.0,328.0,372.0,80.0,0.16977225672877846,25.0,1492.0,0.7565449762903023,0.0,469.0,80.0
1931.0,1.0,68.0,1169.0,331.0,372.0,59.0,0.17141377524598653,23.0,1515.0,0.7565329966842883,0.0,469.0,59.0
1931.0,0.0,69.0,1148.0,307.0,376.0,100.0,0.15898498187467633,13.0,1528.0,0.7565272611176383,0.0,469.0,100.0
1929.0,2.0,69.0,1145.0,316.0,379.0,89.0,0.16381544841886989,17.0,1545.0,0.7565041912061761,0.0,469.0,89.0
1928.0,1.0,71.0,1146.0,318.0,388.0,76.0,0.16493775933609958,25.0,1570.0,0.7564905332582823,0.0,469.0,76.0
1928.0,0.0,72.0,1157.0,324.0,366.0,81.0,0.16804979253112035,15.0,1585.0,0.7552268451153065,0.0,469.0,81.0
1926.0,2.0,72.0,1170.0,317.0,357.0,82.0,0.16458982346832815,17.0,1602.0,0.7552111899200571,0.0,469.0,82.0
1925.0,1.0,74.0,1157.0,322.0,370.0,76.0,0.16727272727272727,22.0,1624.0,0.7551977316381624,0.0,469.0,76.0
1924.0,1.0,75.0,1150.0,325.0,363.0,86.0,0.16891891891891891,19.0,1643.0,0.7551854224891036,0.0,469.0,86.0
1922.0,2.0,76.0,1152.0,327.0,366.0,77.0,0.17013527575442247,25.0,1668.0,0.7551696260933406,0.0,469.0,77.0
1918.0,4.0,78.0,1151.0,326.0,363.0,78.0,0.16996871741397288,25.0,1693.0,0.7551565418858865,0.0,469.0,78.0
1917.0,1.0,82.0,1154.0,323.0,365.0,75.0,0.1684924360980699,12.0,1705.0,0.7551399774072537,0.0,469.0,75.0
1916.0,1.0,83.0,1151.0,309.0,365.0,91.0,0.16127348643006262,24.0,1729.0,0.7551297300587214,0.0,469.0,91.0
1915.0,1.0,84.0,1139.0,318.0,368.0,90.0,0.16605744125326372,26.0,1755.0,0.7551134068865332,0.0,469.0,90.0
1914.0,1.0,85.0,1127.0,317.0,374.0,96.0,0.16562173458725182,20.0,1775.0,0.7550987726353426,0.0,469.0,96.0
1914.0,0.0,86.0,1126.0,324.0,375.0,89.0,0.16927899686520376,29.0,1804.0,0.7533120405094269,0.0,469.0,89.0
1912.0,2.0,86.0,1124.0,329.0,378.0,81.0,0.17207112970711297,22.0,1826.0,0.7532994615074334,0.0,469.0,81.0
1911.0,1.0,88.0,1117.0,339.0,378.0,77.0,0.17739403453689168,26.0,1852.0,0.7532880312441487,0.0,469.0,77.0
1910.0,1.0,89.0,1114.0,343.0,364.0,89.0,0.17958115183246073,25.0,1877.0,0.7532735972701613,0.0,469.0,89.0
1909.0,1.0,90.0,1102.0,357.0,354.0,96.0,0.18700890518596125,26.0,1903.0,0.7532556688550224,0.0,469.0,96.0
1909.0,0.0,91.0,1090.0,366.0,360.0,93.0,0.19172341540073337,20.0,1923.0,0.7532368662679291,0.0,469.0,93.0
1907.0,2.0,91.0,1088.0,364.0,360.0,95.0,0.19087572102779235,24.0,1947.0,0.7532192684318103,0.0,469.0,95.0
1907.0,0.0,93.0,1086.0,378.0,356.0,87.0,0.19821709491347667,29.0,1976.0,0.7539243959443237,0.0,0.0,87.0
1907.0,0.0,93.0,1078.0,375.0,357.0,97.0,0.1966439433665443,22.0,1998.0,0.7561100816054852,0.0,0.0,97.0
1904.0,3.0,93.0,1064.0,365.0,382.0,93.0,0.19170168067226892,26.0,2024.0,0.7582724717487789,0.0,0.0,93.0
1903.0,1.0,96.0,1058.0,369.0,398.0,78.0,0.19390436153441934,20.0,2044.0,0.7591769289584309,0.0,0.0,78.0
1903.0,0.0,97.0,1059.0,372.0,390.0,82.0,0.19548081975827641,18.0,2062.0,0.7613188329213346,0.0,0.0,82.0
1902.0,1.0,97.0,1039.0,353.0,407.0,103.0,0.18559411146161936,18.0,2080.0,0.7634393778157988,0.0,0.0,103.0
1901.0,1.0,98.0,1052.0,365.0,409.0,75.0,0.19200420831141504,27.0,2107.0,0.7655325100751205,0.0,0.0,75.0
1901.0,0.0,99.0,1049.0,364.0,403.0,85.0,0.19147816938453446,24.0,2131.0,0.7676187752575537,0.0,0.0,85.0
1900.0,1.0,99.0,1027.0,357.0,416.0,100.0,0.18789473684210525,19.0,2150.0,0.7696768953558659,0.0,0.0,100.0
1899.0,1.0,100.0,1035.0,364.0,410.0,90.0,0.19167983149025802,21.0,2171.0,0.7717133694741338,0.0,0.0,90.0
1898.0,1.0,101.0,1046.0,372.0,395.0,85.0,0.19599578503688092,22.0,2193.0,0.7737361996740768,0.0,0.0,85.0
1898.0,0.0,102.0,1047.0,362.0,402.0,87.0,0.19072708113804004,25.0,2218.0,0.7757413448854134,0.0,0.0,87.0
1897.0,1.0,102.0,1042.0,362.0,408.0,85.0,0.1908276225619399,22.0,2240.0,0.777728443789848,0.0,0.0,85.0
1896.0,1.0,103.0,1037.0,361.0,412.0,86.0,0.19040084388185655,25.0,2265.0,0.7788972436954209,0.0,0.0,86.0
